{
 "cells": [
  {
   "cell_type": "markdown",
   "metadata": {},
   "source": [
    "Set up"
   ]
  },
  {
   "cell_type": "code",
   "execution_count": 5,
   "metadata": {},
   "outputs": [],
   "source": [
    "###Loading Libraries\n",
    "import pandas as pd\n",
    "import numpy as np\n",
    "import seaborn as sns"
   ]
  },
  {
   "cell_type": "code",
   "execution_count": 6,
   "metadata": {},
   "outputs": [],
   "source": [
    "####Loading Data\n",
    "df=pd.read_csv(\"C:/Users/dariu/Desktop/Kaggle/ufc-master.csv\")\n",
    "\n",
    "####Converting winner/title to binary/numeric values to allow correlation operation\n",
    "df[\"Red_wins\"]=df[\"Winner\"].apply(lambda x: 1 if x == \"Red\" else 0)\n",
    "df[\"Red_loses\"]=df[\"Winner\"].apply(lambda x: 0 if x == \"Red\" else 1)\n",
    "df[\"Red_is_champ\"]=df[\"title_bout\"].apply(lambda x: 1 if x == True else 0)\n",
    "\n",
    "\n",
    "#####Converting win method to binary/numeric finish/no finish\n",
    "df[\"finish_win\"]=df[\"finish\"]\n",
    "df[\"finish_win\"].replace([\"KO/TKO\",\"SUB\"],1, inplace = True)\n",
    "df[\"finish_win\"].replace([\"U-DEC\",\"S-DEC\",\"M-DEC\"],0, inplace = True)\n",
    "df[\"finish_win\"].replace([\"DQ\",\"Overturned\"],np.NaN, inplace = True)\n",
    "df[\"red_finish_win\"]=df[\"finish_win\"]\n",
    "for x in range(len(df)):\n",
    "    if df.at[x,\"Winner\"] == \"blue\":\n",
    "        df.at[x,\"red_finish_win\"]=0\n",
    "        x +=1\n",
    "\n",
    "##### Setting up binary/numeric check on if fighter if boths fighters are ranked in top 10\n",
    "df[\"Top15\"]=0\n",
    "for x in range(len(df)):\n",
    "    if (df.at[x,\"B_match_weightclass_rank\"] <=15) & (df.at[x,\"R_match_weightclass_rank\"] <=15):\n",
    "        df.at[x,\"Top15\"]=1"
   ]
  },
  {
   "cell_type": "markdown",
   "metadata": {},
   "source": [
    "Baselining"
   ]
  },
  {
   "cell_type": "code",
   "execution_count": 32,
   "metadata": {},
   "outputs": [
    {
     "name": "stdout",
     "output_type": "stream",
     "text": [
      "-52752.906292749925\n"
     ]
    }
   ],
   "source": [
    "### Profit on betting £100 on the red corner over 4328 fights\n",
    "sum = 0\n",
    "for x in range(len(df)):\n",
    "    \n",
    "    sum -= 100\n",
    "    if df.at[x,\"Winner\"]==\"Red\":\n",
    "        if df.at[x,\"R_odds\"]>0:\n",
    "            sum +=(df.at[x,\"R_odds\"])\n",
    "        elif df.at[x,\"R_odds\"]<0:\n",
    "            sum +=(100+(-10000/df.at[x,\"R_odds\"]))\n",
    "\n",
    "print(sum)"
   ]
  },
  {
   "cell_type": "code",
   "execution_count": 33,
   "metadata": {},
   "outputs": [
    {
     "name": "stdout",
     "output_type": "stream",
     "text": [
      "-123560.26258830454\n"
     ]
    }
   ],
   "source": [
    "### Profit on betting £100 on the blue corner over 4328 fights\n",
    "sum = 0\n",
    "for x in range(len(df)):\n",
    "    \n",
    "    sum -= 100\n",
    "    if df.at[x,\"Winner\"]==\"Blue\":\n",
    "        if df.at[x,\"B_odds\"]>0:\n",
    "            sum +=(df.at[x,\"B_odds\"])\n",
    "        elif df.at[x,\"B_odds\"]<0:\n",
    "            sum +=(100+(-10000/df.at[x,\"B_odds\"]))\n",
    "\n",
    "print(sum)"
   ]
  },
  {
   "cell_type": "markdown",
   "metadata": {},
   "source": [
    "Odds Correlations\n"
   ]
  },
  {
   "cell_type": "code",
   "execution_count": 19,
   "metadata": {},
   "outputs": [
    {
     "data": {
      "text/html": [
       "<div>\n",
       "<style scoped>\n",
       "    .dataframe tbody tr th:only-of-type {\n",
       "        vertical-align: middle;\n",
       "    }\n",
       "\n",
       "    .dataframe tbody tr th {\n",
       "        vertical-align: top;\n",
       "    }\n",
       "\n",
       "    .dataframe thead th {\n",
       "        text-align: right;\n",
       "    }\n",
       "</style>\n",
       "<table border=\"1\" class=\"dataframe\">\n",
       "  <thead>\n",
       "    <tr style=\"text-align: right;\">\n",
       "      <th></th>\n",
       "      <th>R_odds</th>\n",
       "      <th>B_odds</th>\n",
       "      <th>Red_wins</th>\n",
       "      <th>R_Height_adv</th>\n",
       "      <th>R_Height_cms</th>\n",
       "      <th>R_longest_win_streak</th>\n",
       "      <th>R_current_win_streak</th>\n",
       "      <th>Red_is_champ</th>\n",
       "      <th>red_finish_win</th>\n",
       "    </tr>\n",
       "  </thead>\n",
       "  <tbody>\n",
       "    <tr>\n",
       "      <th>R_odds</th>\n",
       "      <td>1.000000</td>\n",
       "      <td>-0.972337</td>\n",
       "      <td>-0.332043</td>\n",
       "      <td>-0.061159</td>\n",
       "      <td>0.027905</td>\n",
       "      <td>-0.135725</td>\n",
       "      <td>-0.215764</td>\n",
       "      <td>-0.148479</td>\n",
       "      <td>-0.062899</td>\n",
       "    </tr>\n",
       "    <tr>\n",
       "      <th>B_odds</th>\n",
       "      <td>-0.972337</td>\n",
       "      <td>1.000000</td>\n",
       "      <td>0.337593</td>\n",
       "      <td>0.064621</td>\n",
       "      <td>-0.016606</td>\n",
       "      <td>0.133489</td>\n",
       "      <td>0.202442</td>\n",
       "      <td>0.133948</td>\n",
       "      <td>0.053670</td>\n",
       "    </tr>\n",
       "    <tr>\n",
       "      <th>Red_wins</th>\n",
       "      <td>-0.332043</td>\n",
       "      <td>0.337593</td>\n",
       "      <td>1.000000</td>\n",
       "      <td>0.034672</td>\n",
       "      <td>-0.005663</td>\n",
       "      <td>0.028224</td>\n",
       "      <td>0.062771</td>\n",
       "      <td>0.048975</td>\n",
       "      <td>0.005530</td>\n",
       "    </tr>\n",
       "    <tr>\n",
       "      <th>R_Height_adv</th>\n",
       "      <td>-0.061159</td>\n",
       "      <td>0.064621</td>\n",
       "      <td>0.034672</td>\n",
       "      <td>1.000000</td>\n",
       "      <td>0.380879</td>\n",
       "      <td>-0.001862</td>\n",
       "      <td>0.022734</td>\n",
       "      <td>0.007558</td>\n",
       "      <td>-0.005751</td>\n",
       "    </tr>\n",
       "    <tr>\n",
       "      <th>R_Height_cms</th>\n",
       "      <td>0.027905</td>\n",
       "      <td>-0.016606</td>\n",
       "      <td>-0.005663</td>\n",
       "      <td>0.380879</td>\n",
       "      <td>1.000000</td>\n",
       "      <td>0.110969</td>\n",
       "      <td>0.024510</td>\n",
       "      <td>-0.035978</td>\n",
       "      <td>0.146262</td>\n",
       "    </tr>\n",
       "    <tr>\n",
       "      <th>R_longest_win_streak</th>\n",
       "      <td>-0.135725</td>\n",
       "      <td>0.133489</td>\n",
       "      <td>0.028224</td>\n",
       "      <td>-0.001862</td>\n",
       "      <td>0.110969</td>\n",
       "      <td>1.000000</td>\n",
       "      <td>0.512995</td>\n",
       "      <td>0.269434</td>\n",
       "      <td>0.022176</td>\n",
       "    </tr>\n",
       "    <tr>\n",
       "      <th>R_current_win_streak</th>\n",
       "      <td>-0.215764</td>\n",
       "      <td>0.202442</td>\n",
       "      <td>0.062771</td>\n",
       "      <td>0.022734</td>\n",
       "      <td>0.024510</td>\n",
       "      <td>0.512995</td>\n",
       "      <td>1.000000</td>\n",
       "      <td>0.445515</td>\n",
       "      <td>0.036440</td>\n",
       "    </tr>\n",
       "    <tr>\n",
       "      <th>Red_is_champ</th>\n",
       "      <td>-0.148479</td>\n",
       "      <td>0.133948</td>\n",
       "      <td>0.048975</td>\n",
       "      <td>0.007558</td>\n",
       "      <td>-0.035978</td>\n",
       "      <td>0.269434</td>\n",
       "      <td>0.445515</td>\n",
       "      <td>1.000000</td>\n",
       "      <td>0.021850</td>\n",
       "    </tr>\n",
       "    <tr>\n",
       "      <th>red_finish_win</th>\n",
       "      <td>-0.062899</td>\n",
       "      <td>0.053670</td>\n",
       "      <td>0.005530</td>\n",
       "      <td>-0.005751</td>\n",
       "      <td>0.146262</td>\n",
       "      <td>0.022176</td>\n",
       "      <td>0.036440</td>\n",
       "      <td>0.021850</td>\n",
       "      <td>1.000000</td>\n",
       "    </tr>\n",
       "  </tbody>\n",
       "</table>\n",
       "</div>"
      ],
      "text/plain": [
       "                        R_odds    B_odds  Red_wins  R_Height_adv  \\\n",
       "R_odds                1.000000 -0.972337 -0.332043     -0.061159   \n",
       "B_odds               -0.972337  1.000000  0.337593      0.064621   \n",
       "Red_wins             -0.332043  0.337593  1.000000      0.034672   \n",
       "R_Height_adv         -0.061159  0.064621  0.034672      1.000000   \n",
       "R_Height_cms          0.027905 -0.016606 -0.005663      0.380879   \n",
       "R_longest_win_streak -0.135725  0.133489  0.028224     -0.001862   \n",
       "R_current_win_streak -0.215764  0.202442  0.062771      0.022734   \n",
       "Red_is_champ         -0.148479  0.133948  0.048975      0.007558   \n",
       "red_finish_win       -0.062899  0.053670  0.005530     -0.005751   \n",
       "\n",
       "                      R_Height_cms  R_longest_win_streak  \\\n",
       "R_odds                    0.027905             -0.135725   \n",
       "B_odds                   -0.016606              0.133489   \n",
       "Red_wins                 -0.005663              0.028224   \n",
       "R_Height_adv              0.380879             -0.001862   \n",
       "R_Height_cms              1.000000              0.110969   \n",
       "R_longest_win_streak      0.110969              1.000000   \n",
       "R_current_win_streak      0.024510              0.512995   \n",
       "Red_is_champ             -0.035978              0.269434   \n",
       "red_finish_win            0.146262              0.022176   \n",
       "\n",
       "                      R_current_win_streak  Red_is_champ  red_finish_win  \n",
       "R_odds                           -0.215764     -0.148479       -0.062899  \n",
       "B_odds                            0.202442      0.133948        0.053670  \n",
       "Red_wins                          0.062771      0.048975        0.005530  \n",
       "R_Height_adv                      0.022734      0.007558       -0.005751  \n",
       "R_Height_cms                      0.024510     -0.035978        0.146262  \n",
       "R_longest_win_streak              0.512995      0.269434        0.022176  \n",
       "R_current_win_streak              1.000000      0.445515        0.036440  \n",
       "Red_is_champ                      0.445515      1.000000        0.021850  \n",
       "red_finish_win                    0.036440      0.021850        1.000000  "
      ]
     },
     "execution_count": 19,
     "metadata": {},
     "output_type": "execute_result"
    }
   ],
   "source": [
    "#### Height\n",
    "\n",
    "\n",
    "df[\"R_Height_adv\"]=df[\"R_Height_cms\"]-df[\"B_Height_cms\"]\n",
    "df_height= df[[\"R_odds\",\"B_odds\", \"Red_wins\",\"R_Height_adv\",\"R_Height_cms\",\"R_longest_win_streak\", \"R_current_win_streak\", \"Red_is_champ\",\"red_finish_win\"]]\n",
    "df_height.corr()\n"
   ]
  },
  {
   "cell_type": "code",
   "execution_count": 20,
   "metadata": {},
   "outputs": [
    {
     "data": {
      "text/html": [
       "<div>\n",
       "<style scoped>\n",
       "    .dataframe tbody tr th:only-of-type {\n",
       "        vertical-align: middle;\n",
       "    }\n",
       "\n",
       "    .dataframe tbody tr th {\n",
       "        vertical-align: top;\n",
       "    }\n",
       "\n",
       "    .dataframe thead th {\n",
       "        text-align: right;\n",
       "    }\n",
       "</style>\n",
       "<table border=\"1\" class=\"dataframe\">\n",
       "  <thead>\n",
       "    <tr style=\"text-align: right;\">\n",
       "      <th></th>\n",
       "      <th>R_odds</th>\n",
       "      <th>B_odds</th>\n",
       "      <th>Red_wins</th>\n",
       "      <th>R_Weight_adv</th>\n",
       "      <th>R_Weight_lbs</th>\n",
       "      <th>R_longest_win_streak</th>\n",
       "      <th>R_current_win_streak</th>\n",
       "      <th>Red_is_champ</th>\n",
       "      <th>red_finish_win</th>\n",
       "    </tr>\n",
       "  </thead>\n",
       "  <tbody>\n",
       "    <tr>\n",
       "      <th>R_odds</th>\n",
       "      <td>1.000000</td>\n",
       "      <td>-0.972337</td>\n",
       "      <td>-0.332043</td>\n",
       "      <td>-0.065331</td>\n",
       "      <td>0.031510</td>\n",
       "      <td>-0.135725</td>\n",
       "      <td>-0.215764</td>\n",
       "      <td>-0.148479</td>\n",
       "      <td>-0.062899</td>\n",
       "    </tr>\n",
       "    <tr>\n",
       "      <th>B_odds</th>\n",
       "      <td>-0.972337</td>\n",
       "      <td>1.000000</td>\n",
       "      <td>0.337593</td>\n",
       "      <td>0.068901</td>\n",
       "      <td>-0.022263</td>\n",
       "      <td>0.133489</td>\n",
       "      <td>0.202442</td>\n",
       "      <td>0.133948</td>\n",
       "      <td>0.053670</td>\n",
       "    </tr>\n",
       "    <tr>\n",
       "      <th>Red_wins</th>\n",
       "      <td>-0.332043</td>\n",
       "      <td>0.337593</td>\n",
       "      <td>1.000000</td>\n",
       "      <td>0.059598</td>\n",
       "      <td>-0.004074</td>\n",
       "      <td>0.028224</td>\n",
       "      <td>0.062771</td>\n",
       "      <td>0.048975</td>\n",
       "      <td>0.005530</td>\n",
       "    </tr>\n",
       "    <tr>\n",
       "      <th>R_Weight_adv</th>\n",
       "      <td>-0.065331</td>\n",
       "      <td>0.068901</td>\n",
       "      <td>0.059598</td>\n",
       "      <td>1.000000</td>\n",
       "      <td>0.165790</td>\n",
       "      <td>-0.024972</td>\n",
       "      <td>-0.010533</td>\n",
       "      <td>0.008003</td>\n",
       "      <td>0.011631</td>\n",
       "    </tr>\n",
       "    <tr>\n",
       "      <th>R_Weight_lbs</th>\n",
       "      <td>0.031510</td>\n",
       "      <td>-0.022263</td>\n",
       "      <td>-0.004074</td>\n",
       "      <td>0.165790</td>\n",
       "      <td>1.000000</td>\n",
       "      <td>0.128111</td>\n",
       "      <td>0.019623</td>\n",
       "      <td>-0.009047</td>\n",
       "      <td>0.158440</td>\n",
       "    </tr>\n",
       "    <tr>\n",
       "      <th>R_longest_win_streak</th>\n",
       "      <td>-0.135725</td>\n",
       "      <td>0.133489</td>\n",
       "      <td>0.028224</td>\n",
       "      <td>-0.024972</td>\n",
       "      <td>0.128111</td>\n",
       "      <td>1.000000</td>\n",
       "      <td>0.512995</td>\n",
       "      <td>0.269434</td>\n",
       "      <td>0.022176</td>\n",
       "    </tr>\n",
       "    <tr>\n",
       "      <th>R_current_win_streak</th>\n",
       "      <td>-0.215764</td>\n",
       "      <td>0.202442</td>\n",
       "      <td>0.062771</td>\n",
       "      <td>-0.010533</td>\n",
       "      <td>0.019623</td>\n",
       "      <td>0.512995</td>\n",
       "      <td>1.000000</td>\n",
       "      <td>0.445515</td>\n",
       "      <td>0.036440</td>\n",
       "    </tr>\n",
       "    <tr>\n",
       "      <th>Red_is_champ</th>\n",
       "      <td>-0.148479</td>\n",
       "      <td>0.133948</td>\n",
       "      <td>0.048975</td>\n",
       "      <td>0.008003</td>\n",
       "      <td>-0.009047</td>\n",
       "      <td>0.269434</td>\n",
       "      <td>0.445515</td>\n",
       "      <td>1.000000</td>\n",
       "      <td>0.021850</td>\n",
       "    </tr>\n",
       "    <tr>\n",
       "      <th>red_finish_win</th>\n",
       "      <td>-0.062899</td>\n",
       "      <td>0.053670</td>\n",
       "      <td>0.005530</td>\n",
       "      <td>0.011631</td>\n",
       "      <td>0.158440</td>\n",
       "      <td>0.022176</td>\n",
       "      <td>0.036440</td>\n",
       "      <td>0.021850</td>\n",
       "      <td>1.000000</td>\n",
       "    </tr>\n",
       "  </tbody>\n",
       "</table>\n",
       "</div>"
      ],
      "text/plain": [
       "                        R_odds    B_odds  Red_wins  R_Weight_adv  \\\n",
       "R_odds                1.000000 -0.972337 -0.332043     -0.065331   \n",
       "B_odds               -0.972337  1.000000  0.337593      0.068901   \n",
       "Red_wins             -0.332043  0.337593  1.000000      0.059598   \n",
       "R_Weight_adv         -0.065331  0.068901  0.059598      1.000000   \n",
       "R_Weight_lbs          0.031510 -0.022263 -0.004074      0.165790   \n",
       "R_longest_win_streak -0.135725  0.133489  0.028224     -0.024972   \n",
       "R_current_win_streak -0.215764  0.202442  0.062771     -0.010533   \n",
       "Red_is_champ         -0.148479  0.133948  0.048975      0.008003   \n",
       "red_finish_win       -0.062899  0.053670  0.005530      0.011631   \n",
       "\n",
       "                      R_Weight_lbs  R_longest_win_streak  \\\n",
       "R_odds                    0.031510             -0.135725   \n",
       "B_odds                   -0.022263              0.133489   \n",
       "Red_wins                 -0.004074              0.028224   \n",
       "R_Weight_adv              0.165790             -0.024972   \n",
       "R_Weight_lbs              1.000000              0.128111   \n",
       "R_longest_win_streak      0.128111              1.000000   \n",
       "R_current_win_streak      0.019623              0.512995   \n",
       "Red_is_champ             -0.009047              0.269434   \n",
       "red_finish_win            0.158440              0.022176   \n",
       "\n",
       "                      R_current_win_streak  Red_is_champ  red_finish_win  \n",
       "R_odds                           -0.215764     -0.148479       -0.062899  \n",
       "B_odds                            0.202442      0.133948        0.053670  \n",
       "Red_wins                          0.062771      0.048975        0.005530  \n",
       "R_Weight_adv                     -0.010533      0.008003        0.011631  \n",
       "R_Weight_lbs                      0.019623     -0.009047        0.158440  \n",
       "R_longest_win_streak              0.512995      0.269434        0.022176  \n",
       "R_current_win_streak              1.000000      0.445515        0.036440  \n",
       "Red_is_champ                      0.445515      1.000000        0.021850  \n",
       "red_finish_win                    0.036440      0.021850        1.000000  "
      ]
     },
     "execution_count": 20,
     "metadata": {},
     "output_type": "execute_result"
    }
   ],
   "source": [
    "#### Weight\n",
    "\n",
    "\n",
    "df[\"R_Weight_adv\"]=df[\"R_Weight_lbs\"]-df[\"B_Weight_lbs\"]\n",
    "df_height= df[[\"R_odds\",\"B_odds\", \"Red_wins\",\"R_Weight_adv\",\"R_Weight_lbs\",\"R_longest_win_streak\", \"R_current_win_streak\", \"Red_is_champ\",\"red_finish_win\"]]\n",
    "df_height.corr()"
   ]
  },
  {
   "cell_type": "code",
   "execution_count": 21,
   "metadata": {
    "scrolled": true
   },
   "outputs": [
    {
     "data": {
      "text/html": [
       "<div>\n",
       "<style scoped>\n",
       "    .dataframe tbody tr th:only-of-type {\n",
       "        vertical-align: middle;\n",
       "    }\n",
       "\n",
       "    .dataframe tbody tr th {\n",
       "        vertical-align: top;\n",
       "    }\n",
       "\n",
       "    .dataframe thead th {\n",
       "        text-align: right;\n",
       "    }\n",
       "</style>\n",
       "<table border=\"1\" class=\"dataframe\">\n",
       "  <thead>\n",
       "    <tr style=\"text-align: right;\">\n",
       "      <th></th>\n",
       "      <th>R_odds</th>\n",
       "      <th>B_odds</th>\n",
       "      <th>Red_wins</th>\n",
       "      <th>R_Reach_adv</th>\n",
       "      <th>R_Reach_cms</th>\n",
       "      <th>R_longest_win_streak</th>\n",
       "      <th>R_current_win_streak</th>\n",
       "      <th>Red_is_champ</th>\n",
       "      <th>red_finish_win</th>\n",
       "    </tr>\n",
       "  </thead>\n",
       "  <tbody>\n",
       "    <tr>\n",
       "      <th>R_odds</th>\n",
       "      <td>1.000000</td>\n",
       "      <td>-0.972337</td>\n",
       "      <td>-0.332043</td>\n",
       "      <td>-0.104717</td>\n",
       "      <td>0.002503</td>\n",
       "      <td>-0.135725</td>\n",
       "      <td>-0.215764</td>\n",
       "      <td>-0.148479</td>\n",
       "      <td>-0.062899</td>\n",
       "    </tr>\n",
       "    <tr>\n",
       "      <th>B_odds</th>\n",
       "      <td>-0.972337</td>\n",
       "      <td>1.000000</td>\n",
       "      <td>0.337593</td>\n",
       "      <td>0.105644</td>\n",
       "      <td>0.006854</td>\n",
       "      <td>0.133489</td>\n",
       "      <td>0.202442</td>\n",
       "      <td>0.133948</td>\n",
       "      <td>0.053670</td>\n",
       "    </tr>\n",
       "    <tr>\n",
       "      <th>Red_wins</th>\n",
       "      <td>-0.332043</td>\n",
       "      <td>0.337593</td>\n",
       "      <td>1.000000</td>\n",
       "      <td>0.071574</td>\n",
       "      <td>0.012622</td>\n",
       "      <td>0.028224</td>\n",
       "      <td>0.062771</td>\n",
       "      <td>0.048975</td>\n",
       "      <td>0.005530</td>\n",
       "    </tr>\n",
       "    <tr>\n",
       "      <th>R_Reach_adv</th>\n",
       "      <td>-0.104717</td>\n",
       "      <td>0.105644</td>\n",
       "      <td>0.071574</td>\n",
       "      <td>1.000000</td>\n",
       "      <td>0.397170</td>\n",
       "      <td>0.030498</td>\n",
       "      <td>0.049325</td>\n",
       "      <td>0.032281</td>\n",
       "      <td>0.013405</td>\n",
       "    </tr>\n",
       "    <tr>\n",
       "      <th>R_Reach_cms</th>\n",
       "      <td>0.002503</td>\n",
       "      <td>0.006854</td>\n",
       "      <td>0.012622</td>\n",
       "      <td>0.397170</td>\n",
       "      <td>1.000000</td>\n",
       "      <td>0.143428</td>\n",
       "      <td>0.058710</td>\n",
       "      <td>-0.006876</td>\n",
       "      <td>0.148854</td>\n",
       "    </tr>\n",
       "    <tr>\n",
       "      <th>R_longest_win_streak</th>\n",
       "      <td>-0.135725</td>\n",
       "      <td>0.133489</td>\n",
       "      <td>0.028224</td>\n",
       "      <td>0.030498</td>\n",
       "      <td>0.143428</td>\n",
       "      <td>1.000000</td>\n",
       "      <td>0.512995</td>\n",
       "      <td>0.269434</td>\n",
       "      <td>0.022176</td>\n",
       "    </tr>\n",
       "    <tr>\n",
       "      <th>R_current_win_streak</th>\n",
       "      <td>-0.215764</td>\n",
       "      <td>0.202442</td>\n",
       "      <td>0.062771</td>\n",
       "      <td>0.049325</td>\n",
       "      <td>0.058710</td>\n",
       "      <td>0.512995</td>\n",
       "      <td>1.000000</td>\n",
       "      <td>0.445515</td>\n",
       "      <td>0.036440</td>\n",
       "    </tr>\n",
       "    <tr>\n",
       "      <th>Red_is_champ</th>\n",
       "      <td>-0.148479</td>\n",
       "      <td>0.133948</td>\n",
       "      <td>0.048975</td>\n",
       "      <td>0.032281</td>\n",
       "      <td>-0.006876</td>\n",
       "      <td>0.269434</td>\n",
       "      <td>0.445515</td>\n",
       "      <td>1.000000</td>\n",
       "      <td>0.021850</td>\n",
       "    </tr>\n",
       "    <tr>\n",
       "      <th>red_finish_win</th>\n",
       "      <td>-0.062899</td>\n",
       "      <td>0.053670</td>\n",
       "      <td>0.005530</td>\n",
       "      <td>0.013405</td>\n",
       "      <td>0.148854</td>\n",
       "      <td>0.022176</td>\n",
       "      <td>0.036440</td>\n",
       "      <td>0.021850</td>\n",
       "      <td>1.000000</td>\n",
       "    </tr>\n",
       "  </tbody>\n",
       "</table>\n",
       "</div>"
      ],
      "text/plain": [
       "                        R_odds    B_odds  Red_wins  R_Reach_adv  R_Reach_cms  \\\n",
       "R_odds                1.000000 -0.972337 -0.332043    -0.104717     0.002503   \n",
       "B_odds               -0.972337  1.000000  0.337593     0.105644     0.006854   \n",
       "Red_wins             -0.332043  0.337593  1.000000     0.071574     0.012622   \n",
       "R_Reach_adv          -0.104717  0.105644  0.071574     1.000000     0.397170   \n",
       "R_Reach_cms           0.002503  0.006854  0.012622     0.397170     1.000000   \n",
       "R_longest_win_streak -0.135725  0.133489  0.028224     0.030498     0.143428   \n",
       "R_current_win_streak -0.215764  0.202442  0.062771     0.049325     0.058710   \n",
       "Red_is_champ         -0.148479  0.133948  0.048975     0.032281    -0.006876   \n",
       "red_finish_win       -0.062899  0.053670  0.005530     0.013405     0.148854   \n",
       "\n",
       "                      R_longest_win_streak  R_current_win_streak  \\\n",
       "R_odds                           -0.135725             -0.215764   \n",
       "B_odds                            0.133489              0.202442   \n",
       "Red_wins                          0.028224              0.062771   \n",
       "R_Reach_adv                       0.030498              0.049325   \n",
       "R_Reach_cms                       0.143428              0.058710   \n",
       "R_longest_win_streak              1.000000              0.512995   \n",
       "R_current_win_streak              0.512995              1.000000   \n",
       "Red_is_champ                      0.269434              0.445515   \n",
       "red_finish_win                    0.022176              0.036440   \n",
       "\n",
       "                      Red_is_champ  red_finish_win  \n",
       "R_odds                   -0.148479       -0.062899  \n",
       "B_odds                    0.133948        0.053670  \n",
       "Red_wins                  0.048975        0.005530  \n",
       "R_Reach_adv               0.032281        0.013405  \n",
       "R_Reach_cms              -0.006876        0.148854  \n",
       "R_longest_win_streak      0.269434        0.022176  \n",
       "R_current_win_streak      0.445515        0.036440  \n",
       "Red_is_champ              1.000000        0.021850  \n",
       "red_finish_win            0.021850        1.000000  "
      ]
     },
     "execution_count": 21,
     "metadata": {},
     "output_type": "execute_result"
    }
   ],
   "source": [
    "#### Reach\n",
    "\n",
    "\n",
    "df[\"R_Reach_adv\"]=df[\"R_Reach_cms\"]-df[\"B_Reach_cms\"]\n",
    "df_height= df[[\"R_odds\",\"B_odds\", \"Red_wins\",\"R_Reach_adv\",\"R_Reach_cms\",\"R_longest_win_streak\", \"R_current_win_streak\", \"Red_is_champ\",\"red_finish_win\"]]\n",
    "df_height.corr()"
   ]
  },
  {
   "cell_type": "code",
   "execution_count": 24,
   "metadata": {},
   "outputs": [
    {
     "data": {
      "text/html": [
       "<div>\n",
       "<style scoped>\n",
       "    .dataframe tbody tr th:only-of-type {\n",
       "        vertical-align: middle;\n",
       "    }\n",
       "\n",
       "    .dataframe tbody tr th {\n",
       "        vertical-align: top;\n",
       "    }\n",
       "\n",
       "    .dataframe thead th {\n",
       "        text-align: right;\n",
       "    }\n",
       "</style>\n",
       "<table border=\"1\" class=\"dataframe\">\n",
       "  <thead>\n",
       "    <tr style=\"text-align: right;\">\n",
       "      <th></th>\n",
       "      <th>R_odds</th>\n",
       "      <th>B_odds</th>\n",
       "      <th>R_AI_adv</th>\n",
       "      <th>Red_wins</th>\n",
       "      <th>R_ape_index</th>\n",
       "      <th>R_longest_win_streak</th>\n",
       "      <th>R_current_win_streak</th>\n",
       "      <th>Red_is_champ</th>\n",
       "      <th>red_finish_win</th>\n",
       "    </tr>\n",
       "  </thead>\n",
       "  <tbody>\n",
       "    <tr>\n",
       "      <th>R_odds</th>\n",
       "      <td>1.000000</td>\n",
       "      <td>-0.972337</td>\n",
       "      <td>-0.071795</td>\n",
       "      <td>-0.332043</td>\n",
       "      <td>-0.044500</td>\n",
       "      <td>-0.135725</td>\n",
       "      <td>-0.215764</td>\n",
       "      <td>-0.148479</td>\n",
       "      <td>-0.062899</td>\n",
       "    </tr>\n",
       "    <tr>\n",
       "      <th>B_odds</th>\n",
       "      <td>-0.972337</td>\n",
       "      <td>1.000000</td>\n",
       "      <td>0.069412</td>\n",
       "      <td>0.337593</td>\n",
       "      <td>0.043870</td>\n",
       "      <td>0.133489</td>\n",
       "      <td>0.202442</td>\n",
       "      <td>0.133948</td>\n",
       "      <td>0.053670</td>\n",
       "    </tr>\n",
       "    <tr>\n",
       "      <th>R_AI_adv</th>\n",
       "      <td>-0.071795</td>\n",
       "      <td>0.069412</td>\n",
       "      <td>1.000000</td>\n",
       "      <td>0.054655</td>\n",
       "      <td>0.677454</td>\n",
       "      <td>0.039690</td>\n",
       "      <td>0.034709</td>\n",
       "      <td>0.036504</td>\n",
       "      <td>0.031716</td>\n",
       "    </tr>\n",
       "    <tr>\n",
       "      <th>Red_wins</th>\n",
       "      <td>-0.332043</td>\n",
       "      <td>0.337593</td>\n",
       "      <td>0.054655</td>\n",
       "      <td>1.000000</td>\n",
       "      <td>0.036941</td>\n",
       "      <td>0.028224</td>\n",
       "      <td>0.062771</td>\n",
       "      <td>0.048975</td>\n",
       "      <td>0.005530</td>\n",
       "    </tr>\n",
       "    <tr>\n",
       "      <th>R_ape_index</th>\n",
       "      <td>-0.044500</td>\n",
       "      <td>0.043870</td>\n",
       "      <td>0.677454</td>\n",
       "      <td>0.036941</td>\n",
       "      <td>1.000000</td>\n",
       "      <td>0.108148</td>\n",
       "      <td>0.082029</td>\n",
       "      <td>0.049200</td>\n",
       "      <td>0.054787</td>\n",
       "    </tr>\n",
       "    <tr>\n",
       "      <th>R_longest_win_streak</th>\n",
       "      <td>-0.135725</td>\n",
       "      <td>0.133489</td>\n",
       "      <td>0.039690</td>\n",
       "      <td>0.028224</td>\n",
       "      <td>0.108148</td>\n",
       "      <td>1.000000</td>\n",
       "      <td>0.512995</td>\n",
       "      <td>0.269434</td>\n",
       "      <td>0.022176</td>\n",
       "    </tr>\n",
       "    <tr>\n",
       "      <th>R_current_win_streak</th>\n",
       "      <td>-0.215764</td>\n",
       "      <td>0.202442</td>\n",
       "      <td>0.034709</td>\n",
       "      <td>0.062771</td>\n",
       "      <td>0.082029</td>\n",
       "      <td>0.512995</td>\n",
       "      <td>1.000000</td>\n",
       "      <td>0.445515</td>\n",
       "      <td>0.036440</td>\n",
       "    </tr>\n",
       "    <tr>\n",
       "      <th>Red_is_champ</th>\n",
       "      <td>-0.148479</td>\n",
       "      <td>0.133948</td>\n",
       "      <td>0.036504</td>\n",
       "      <td>0.048975</td>\n",
       "      <td>0.049200</td>\n",
       "      <td>0.269434</td>\n",
       "      <td>0.445515</td>\n",
       "      <td>1.000000</td>\n",
       "      <td>0.021850</td>\n",
       "    </tr>\n",
       "    <tr>\n",
       "      <th>red_finish_win</th>\n",
       "      <td>-0.062899</td>\n",
       "      <td>0.053670</td>\n",
       "      <td>0.031716</td>\n",
       "      <td>0.005530</td>\n",
       "      <td>0.054787</td>\n",
       "      <td>0.022176</td>\n",
       "      <td>0.036440</td>\n",
       "      <td>0.021850</td>\n",
       "      <td>1.000000</td>\n",
       "    </tr>\n",
       "  </tbody>\n",
       "</table>\n",
       "</div>"
      ],
      "text/plain": [
       "                        R_odds    B_odds  R_AI_adv  Red_wins  R_ape_index  \\\n",
       "R_odds                1.000000 -0.972337 -0.071795 -0.332043    -0.044500   \n",
       "B_odds               -0.972337  1.000000  0.069412  0.337593     0.043870   \n",
       "R_AI_adv             -0.071795  0.069412  1.000000  0.054655     0.677454   \n",
       "Red_wins             -0.332043  0.337593  0.054655  1.000000     0.036941   \n",
       "R_ape_index          -0.044500  0.043870  0.677454  0.036941     1.000000   \n",
       "R_longest_win_streak -0.135725  0.133489  0.039690  0.028224     0.108148   \n",
       "R_current_win_streak -0.215764  0.202442  0.034709  0.062771     0.082029   \n",
       "Red_is_champ         -0.148479  0.133948  0.036504  0.048975     0.049200   \n",
       "red_finish_win       -0.062899  0.053670  0.031716  0.005530     0.054787   \n",
       "\n",
       "                      R_longest_win_streak  R_current_win_streak  \\\n",
       "R_odds                           -0.135725             -0.215764   \n",
       "B_odds                            0.133489              0.202442   \n",
       "R_AI_adv                          0.039690              0.034709   \n",
       "Red_wins                          0.028224              0.062771   \n",
       "R_ape_index                       0.108148              0.082029   \n",
       "R_longest_win_streak              1.000000              0.512995   \n",
       "R_current_win_streak              0.512995              1.000000   \n",
       "Red_is_champ                      0.269434              0.445515   \n",
       "red_finish_win                    0.022176              0.036440   \n",
       "\n",
       "                      Red_is_champ  red_finish_win  \n",
       "R_odds                   -0.148479       -0.062899  \n",
       "B_odds                    0.133948        0.053670  \n",
       "R_AI_adv                  0.036504        0.031716  \n",
       "Red_wins                  0.048975        0.005530  \n",
       "R_ape_index               0.049200        0.054787  \n",
       "R_longest_win_streak      0.269434        0.022176  \n",
       "R_current_win_streak      0.445515        0.036440  \n",
       "Red_is_champ              1.000000        0.021850  \n",
       "red_finish_win            0.021850        1.000000  "
      ]
     },
     "execution_count": 24,
     "metadata": {},
     "output_type": "execute_result"
    }
   ],
   "source": [
    "###Ape Index\n",
    "\n",
    "df[\"R_ape_index\"]=df[\"R_Reach_cms\"]/df[\"R_Height_cms\"]\n",
    "df[\"B_ape_index\"]=df[\"B_Reach_cms\"]/df[\"B_Height_cms\"]\n",
    "df[\"R_AI_adv\"]=df[\"R_ape_index\"]/df[\"B_ape_index\"]\n",
    "\n",
    "###Creating smaller data frame\n",
    "df_ape=df[[\"R_odds\",\"B_odds\",\"R_AI_adv\",\"Red_wins\",\"R_ape_index\",\"R_longest_win_streak\", \"R_current_win_streak\",\"Red_is_champ\",\"red_finish_win\"]]\n",
    "\n",
    "df_ape.corr()"
   ]
  },
  {
   "cell_type": "code",
   "execution_count": 38,
   "metadata": {},
   "outputs": [
    {
     "name": "stdout",
     "output_type": "stream",
     "text": [
      "-76826.57453785527\n"
     ]
    }
   ],
   "source": [
    "#### Betting on the shorter fighter over 4328 fights\n",
    "\n",
    "sum = 0\n",
    "for x in range(len(df)):\n",
    "    \n",
    "    if df.at[x,\"R_Height_adv\"]<0:\n",
    "        sum -= 100\n",
    "        if df.at[x,\"Winner\"]==\"Red\":\n",
    "            if df.at[x,\"R_odds\"]>0:\n",
    "                sum +=(df.at[x,\"R_odds\"])\n",
    "            elif df.at[x,\"R_odds\"]<0:\n",
    "                sum +=(100+(-10000/df.at[x,\"R_odds\"]))\n",
    "    elif df.at[x,\"R_Height_adv\"]>0:\n",
    "        sum -= 100\n",
    "        if df.at[x,\"Winner\"]==\"Blue\":\n",
    "            if df.at[x,\"B_odds\"]>0:\n",
    "                sum +=(df.at[x,\"B_odds\"])\n",
    "            elif df.at[x,\"B_odds\"]<0:\n",
    "                sum +=(100+(-10000/df.at[x,\"B_odds\"]))\n",
    "print(sum)"
   ]
  },
  {
   "cell_type": "code",
   "execution_count": 44,
   "metadata": {},
   "outputs": [
    {
     "name": "stdout",
     "output_type": "stream",
     "text": [
      "-34923.1783859476\n"
     ]
    }
   ],
   "source": [
    "#### Betting on the lighter fighter over x fights\n",
    "\n",
    "sum = 0\n",
    "for x in range(len(df)):\n",
    "    \n",
    "    if df.at[x,\"R_Weight_adv\"]<0:\n",
    "        sum -= 100\n",
    "        if df.at[x,\"Winner\"]==\"Red\":\n",
    "            if df.at[x,\"R_odds\"]>0:\n",
    "                sum +=(df.at[x,\"R_odds\"])\n",
    "            elif df.at[x,\"R_odds\"]<0:\n",
    "                sum +=(100+(-10000/df.at[x,\"R_odds\"]))\n",
    "    elif df.at[x,\"R_Weight_adv\"]>0:\n",
    "        sum -= 100\n",
    "        if df.at[x,\"Winner\"]==\"Blue\":\n",
    "            if df.at[x,\"B_odds\"]>0:\n",
    "                sum +=(df.at[x,\"B_odds\"])\n",
    "            elif df.at[x,\"B_odds\"]<0:\n",
    "                sum +=(100+(-10000/df.at[x,\"B_odds\"]))\n",
    "print(sum)"
   ]
  },
  {
   "cell_type": "code",
   "execution_count": 62,
   "metadata": {},
   "outputs": [
    {
     "name": "stdout",
     "output_type": "stream",
     "text": [
      "-409.70574253218274\n"
     ]
    }
   ],
   "source": [
    "#### Betting on the shorter but heavier fighter if they are the favourite\n",
    "\n",
    "sum = 0\n",
    "for x in range(len(df)):\n",
    "    \n",
    "    if (df.at[x,\"R_Weight_adv\"]>0)&(df.at[x,\"R_Height_adv\"]<0):\n",
    "        sum -= 100\n",
    "        if df.at[x,\"Winner\"]==\"Red\":\n",
    "            if df.at[x,\"R_odds\"]>0:\n",
    "                sum +=(df.at[x,\"R_odds\"])\n",
    "            elif df.at[x,\"R_odds\"]<0:\n",
    "                sum +=(100+(-10000/df.at[x,\"R_odds\"]))\n",
    "\n",
    "print(sum)"
   ]
  },
  {
   "cell_type": "code",
   "execution_count": 69,
   "metadata": {},
   "outputs": [
    {
     "name": "stdout",
     "output_type": "stream",
     "text": [
      "-7941.240422254414\n"
     ]
    }
   ],
   "source": [
    "#### Betting against the champ\n",
    "sum = 0\n",
    "for x in range(len(df)):\n",
    "    \n",
    "    if df.at[x,\"title_bout\"]== True:\n",
    "        sum -= 100\n",
    "        if df.at[x,\"Winner\"]==\"Blue\":\n",
    "            if df.at[x,\"B_odds\"]>0:\n",
    "                sum +=(df.at[x,\"B_odds\"])\n",
    "            elif df.at[x,\"B_odds\"]<0:\n",
    "                sum +=(100+(-10000/df.at[x,\"B_odds\"]))\n",
    "    \n",
    "\n",
    "print(sum)"
   ]
  },
  {
   "cell_type": "code",
   "execution_count": 70,
   "metadata": {},
   "outputs": [
    {
     "name": "stdout",
     "output_type": "stream",
     "text": [
      "-52093.77334626073\n"
     ]
    }
   ],
   "source": [
    "#####Betting on the champ\n",
    "\n",
    "sum = 0\n",
    "for x in range(len(df)):\n",
    "    \n",
    "    if df.at[x,\"title_bout\"]== False:\n",
    "        sum -= 100\n",
    "        if df.at[x,\"Winner\"]==\"Red\":\n",
    "            if df.at[x,\"R_odds\"]>0:\n",
    "                sum +=(df.at[x,\"R_odds\"])\n",
    "            elif df.at[x,\"R_odds\"]<0:\n",
    "                sum +=(100+(-10000/df.at[x,\"R_odds\"]))\n",
    "    \n",
    "\n",
    "print(sum)"
   ]
  },
  {
   "cell_type": "code",
   "execution_count": 135,
   "metadata": {},
   "outputs": [
    {
     "name": "stdout",
     "output_type": "stream",
     "text": [
      "612.6263819804402\n",
      "6800\n"
     ]
    }
   ],
   "source": [
    "\n",
    "\n",
    "sum = 0\n",
    "total_bet=0\n",
    "for x in range(len(df)):\n",
    "    \n",
    "    if (df.at[x,\"win_streak_dif\"]<-4)&(df.at[x,\"win_streak_dif\"]>-8):\n",
    "        sum -= 100\n",
    "        total_bet += 100\n",
    "        ###print (df.at[x, \"R_fighter\"]+\" vs \"+ df.at[x, \"B_fighter\"])\n",
    "        if df.at[x,\"Winner\"]==\"Red\":\n",
    "            if df.at[x,\"R_odds\"]>0:\n",
    "                sum +=(df.at[x,\"R_odds\"])\n",
    "            elif df.at[x,\"R_odds\"]<0:\n",
    "                sum +=(100+(-10000/df.at[x,\"R_odds\"]))\n",
    "       ## print(sum)\n",
    "     \n",
    "    elif df.at[x,\"win_streak_dif\"]>6:\n",
    "            ### print (df.at[x, \"R_fighter\"]+\" vs \"+ df.at[x, \"B_fighter\"])\n",
    "            sum -= 100\n",
    "            total_bet += 100\n",
