{
 "cells": [
  {
   "cell_type": "code",
   "execution_count": 2,
   "metadata": {},
   "outputs": [],
   "source": [
    "import pandas as pd"
   ]
  },
  {
   "cell_type": "markdown",
   "metadata": {},
   "source": [
    "<b> Introduction </b>\n",
    "\n",
    "In combat sports, we often hear the terms height, reach and weight advantage.\n",
    "It is generally taken as a given that these advantages are by and large, advantages.  \n",
    "\n",
    "It has also been noted in various sports that proportions are relevant as well as absolute measures.  In MMA, many people are aware of what can be described as the ape-index.  This compares the fighter's reach (length from fingertip to fingertip with arms outstretched) to their height.  A notable example is the widely considered GOAT (greatest of all time) Jon Jones who is 6'4 (193cm) tall with a reach of 7'0 (213cm). For comparison, a typical man will have a reach that is equal to his height.\n",
    "\n",
    "This project attempts to quantify the extent of these advantages in MMA, if they exist at all.\n",
    "The data is limited to the UFC which is generally consired to be the top tier organization of MMA. \n",
    "\n",
    "Note: It must be considered that this data mostly looks at fights which are restricted to weight classes. Therefore, the differences between fighters are generally small."
   ]
  },
  {
   "cell_type": "markdown",
   "metadata": {},
   "source": [
    "To do list\n",
    "\n",
    "Ape index [x]\n",
    "Reach [x]\n",
    "Height [x]\n",
    "Weight [x]\n",
    "\n",
    "(same as above but restricted to heavyweight because of weight differences)\n",
    "\n",
    "fight wins, streak, longest streak, [x]\n",
    "\n",
    "champ correlations []\n",
    "dividing nicely []\n",
    "adding graphics[]\n",
    "\n"
   ]
  },
  {
   "cell_type": "code",
   "execution_count": 80,
   "metadata": {},
   "outputs": [],
   "source": [
    "df=pd.read_csv(\"C:/Users/dariu/Desktop/Kaggle/ufc-master.csv\")\n",
    "\n",
    "####Converting winner to numeric to allow correlation\n",
    "df[\"Red_wins\"]=df[\"Winner\"].apply(lambda x: 1 if x == \"Red\" else -1)"
   ]
  },
  {
   "cell_type": "code",
   "execution_count": 110,
   "metadata": {},
   "outputs": [
    {
     "data": {
      "text/html": [
       "<div>\n",
       "<style scoped>\n",
       "    .dataframe tbody tr th:only-of-type {\n",
       "        vertical-align: middle;\n",
       "    }\n",
       "\n",
       "    .dataframe tbody tr th {\n",
       "        vertical-align: top;\n",
       "    }\n",
       "\n",
       "    .dataframe thead th {\n",
       "        text-align: right;\n",
       "    }\n",
       "</style>\n",
       "<table border=\"1\" class=\"dataframe\">\n",
       "  <thead>\n",
       "    <tr style=\"text-align: right;\">\n",
       "      <th></th>\n",
       "      <th>R_Height_cms</th>\n",
       "      <th>R_Height_adv</th>\n",
       "      <th>Red_wins</th>\n",
       "      <th>R_longest_win_streak</th>\n",
       "      <th>R_current_win_streak</th>\n",
       "    </tr>\n",
       "  </thead>\n",
       "  <tbody>\n",
       "    <tr>\n",
       "      <th>R_Height_cms</th>\n",
       "      <td>1.000000</td>\n",
       "      <td>0.380879</td>\n",
       "      <td>-0.005663</td>\n",
       "      <td>0.110969</td>\n",
       "      <td>0.024510</td>\n",
       "    </tr>\n",
       "    <tr>\n",
       "      <th>R_Height_adv</th>\n",
       "      <td>0.380879</td>\n",
       "      <td>1.000000</td>\n",
       "      <td>0.034672</td>\n",
       "      <td>-0.001862</td>\n",
       "      <td>0.022734</td>\n",
       "    </tr>\n",
       "    <tr>\n",
       "      <th>Red_wins</th>\n",
       "      <td>-0.005663</td>\n",
       "      <td>0.034672</td>\n",
       "      <td>1.000000</td>\n",
       "      <td>0.028224</td>\n",
       "      <td>0.062771</td>\n",
       "    </tr>\n",
       "    <tr>\n",
       "      <th>R_longest_win_streak</th>\n",
       "      <td>0.110969</td>\n",
       "      <td>-0.001862</td>\n",
       "      <td>0.028224</td>\n",
       "      <td>1.000000</td>\n",
       "      <td>0.512995</td>\n",
       "    </tr>\n",
       "    <tr>\n",
       "      <th>R_current_win_streak</th>\n",
       "      <td>0.024510</td>\n",
       "      <td>0.022734</td>\n",
       "      <td>0.062771</td>\n",
       "      <td>0.512995</td>\n",
       "      <td>1.000000</td>\n",
       "    </tr>\n",
       "  </tbody>\n",
       "</table>\n",
       "</div>"
      ],
      "text/plain": [
       "                      R_Height_cms  R_Height_adv  Red_wins  \\\n",
       "R_Height_cms              1.000000      0.380879 -0.005663   \n",
       "R_Height_adv              0.380879      1.000000  0.034672   \n",
       "Red_wins                 -0.005663      0.034672  1.000000   \n",
       "R_longest_win_streak      0.110969     -0.001862  0.028224   \n",
       "R_current_win_streak      0.024510      0.022734  0.062771   \n",
       "\n",
       "                      R_longest_win_streak  R_current_win_streak  \n",
       "R_Height_cms                      0.110969              0.024510  \n",
       "R_Height_adv                     -0.001862              0.022734  \n",
       "Red_wins                          0.028224              0.062771  \n",
       "R_longest_win_streak              1.000000              0.512995  \n",
       "R_current_win_streak              0.512995              1.000000  "
      ]
     },
     "execution_count": 110,
     "metadata": {},
     "output_type": "execute_result"
    }
   ],
   "source": [
    "###Height\n",
    "\n",
    "df[\"R_Height_adv\"]=df[\"R_Height_cms\"]-df[\"B_Height_cms\"]\n",
    "df_height= df[[\"R_Height_cms\",\"R_Height_adv\", \"Red_wins\",\"R_longest_win_streak\", \"R_current_win_streak\"]]\n",
    "df_height.corr()"
   ]
  },
  {
   "cell_type": "code",
   "execution_count": 112,
   "metadata": {},
   "outputs": [
    {
     "data": {
      "text/html": [
       "<div>\n",
       "<style scoped>\n",
       "    .dataframe tbody tr th:only-of-type {\n",
       "        vertical-align: middle;\n",
       "    }\n",
       "\n",
       "    .dataframe tbody tr th {\n",
       "        vertical-align: top;\n",
       "    }\n",
       "\n",
       "    .dataframe thead th {\n",
       "        text-align: right;\n",
       "    }\n",
       "</style>\n",
       "<table border=\"1\" class=\"dataframe\">\n",
       "  <thead>\n",
       "    <tr style=\"text-align: right;\">\n",
       "      <th></th>\n",
       "      <th>R_Weight_lbs</th>\n",
       "      <th>R_Weight_adv</th>\n",
       "      <th>R_Height_adv</th>\n",
       "      <th>Red_wins</th>\n",
       "      <th>R_longest_win_streak</th>\n",
       "      <th>R_current_win_streak</th>\n",
       "      <th>R_longest_win_streak</th>\n",
       "      <th>R_current_win_streak</th>\n",
       "    </tr>\n",
       "  </thead>\n",
       "  <tbody>\n",
       "    <tr>\n",
       "      <th>R_Weight_lbs</th>\n",
       "      <td>1.000000</td>\n",
       "      <td>0.628967</td>\n",
       "      <td>0.146651</td>\n",
       "      <td>0.029767</td>\n",
       "      <td>-0.039970</td>\n",
       "      <td>-0.019712</td>\n",
       "      <td>-0.039970</td>\n",
       "      <td>-0.019712</td>\n",
       "    </tr>\n",
       "    <tr>\n",
       "      <th>R_Weight_adv</th>\n",
       "      <td>0.628967</td>\n",
       "      <td>1.000000</td>\n",
       "      <td>0.190830</td>\n",
       "      <td>0.097206</td>\n",
       "      <td>-0.062694</td>\n",
       "      <td>0.008019</td>\n",
       "      <td>-0.062694</td>\n",
       "      <td>0.008019</td>\n",
       "    </tr>\n",
       "    <tr>\n",
       "      <th>R_Height_adv</th>\n",
       "      <td>0.146651</td>\n",
       "      <td>0.190830</td>\n",
       "      <td>1.000000</td>\n",
       "      <td>0.089095</td>\n",
       "      <td>0.112209</td>\n",
       "      <td>0.068256</td>\n",
       "      <td>0.112209</td>\n",
       "      <td>0.068256</td>\n",
       "    </tr>\n",
       "    <tr>\n",
       "      <th>Red_wins</th>\n",
       "      <td>0.029767</td>\n",
       "      <td>0.097206</td>\n",
       "      <td>0.089095</td>\n",
       "      <td>1.000000</td>\n",
       "      <td>0.006986</td>\n",
       "      <td>-0.034413</td>\n",
       "      <td>0.006986</td>\n",
       "      <td>-0.034413</td>\n",
       "    </tr>\n",
       "    <tr>\n",
       "      <th>R_longest_win_streak</th>\n",
       "      <td>-0.039970</td>\n",
       "      <td>-0.062694</td>\n",
       "      <td>0.112209</td>\n",
       "      <td>0.006986</td>\n",
       "      <td>1.000000</td>\n",
       "      <td>0.385404</td>\n",
       "      <td>1.000000</td>\n",
       "      <td>0.385404</td>\n",
       "    </tr>\n",
       "    <tr>\n",
       "      <th>R_current_win_streak</th>\n",
       "      <td>-0.019712</td>\n",
       "      <td>0.008019</td>\n",
       "      <td>0.068256</td>\n",
       "      <td>-0.034413</td>\n",
       "      <td>0.385404</td>\n",
       "      <td>1.000000</td>\n",
       "      <td>0.385404</td>\n",
       "      <td>1.000000</td>\n",
       "    </tr>\n",
       "    <tr>\n",
       "      <th>R_longest_win_streak</th>\n",
       "      <td>-0.039970</td>\n",
       "      <td>-0.062694</td>\n",
       "      <td>0.112209</td>\n",
       "      <td>0.006986</td>\n",
       "      <td>1.000000</td>\n",
       "      <td>0.385404</td>\n",
       "      <td>1.000000</td>\n",
       "      <td>0.385404</td>\n",
       "    </tr>\n",
       "    <tr>\n",
       "      <th>R_current_win_streak</th>\n",
       "      <td>-0.019712</td>\n",
       "      <td>0.008019</td>\n",
       "      <td>0.068256</td>\n",
       "      <td>-0.034413</td>\n",
       "      <td>0.385404</td>\n",
       "      <td>1.000000</td>\n",
       "      <td>0.385404</td>\n",
       "      <td>1.000000</td>\n",
       "    </tr>\n",
       "  </tbody>\n",
       "</table>\n",
       "</div>"
      ],
      "text/plain": [
       "                      R_Weight_lbs  R_Weight_adv  R_Height_adv  Red_wins  \\\n",
       "R_Weight_lbs              1.000000      0.628967      0.146651  0.029767   \n",
       "R_Weight_adv              0.628967      1.000000      0.190830  0.097206   \n",
       "R_Height_adv              0.146651      0.190830      1.000000  0.089095   \n",
       "Red_wins                  0.029767      0.097206      0.089095  1.000000   \n",
       "R_longest_win_streak     -0.039970     -0.062694      0.112209  0.006986   \n",
       "R_current_win_streak     -0.019712      0.008019      0.068256 -0.034413   \n",
       "R_longest_win_streak     -0.039970     -0.062694      0.112209  0.006986   \n",
       "R_current_win_streak     -0.019712      0.008019      0.068256 -0.034413   \n",
       "\n",
       "                      R_longest_win_streak  R_current_win_streak  \\\n",
       "R_Weight_lbs                     -0.039970             -0.019712   \n",
       "R_Weight_adv                     -0.062694              0.008019   \n",
       "R_Height_adv                      0.112209              0.068256   \n",
       "Red_wins                          0.006986             -0.034413   \n",
       "R_longest_win_streak              1.000000              0.385404   \n",
       "R_current_win_streak              0.385404              1.000000   \n",
       "R_longest_win_streak              1.000000              0.385404   \n",
       "R_current_win_streak              0.385404              1.000000   \n",
       "\n",
       "                      R_longest_win_streak  R_current_win_streak  \n",
       "R_Weight_lbs                     -0.039970             -0.019712  \n",
       "R_Weight_adv                     -0.062694              0.008019  \n",
       "R_Height_adv                      0.112209              0.068256  \n",
       "Red_wins                          0.006986             -0.034413  \n",
       "R_longest_win_streak              1.000000              0.385404  \n",
       "R_current_win_streak              0.385404              1.000000  \n",
       "R_longest_win_streak              1.000000              0.385404  \n",
       "R_current_win_streak              0.385404              1.000000  "
      ]
     },
     "execution_count": 112,
     "metadata": {},
     "output_type": "execute_result"
    }
   ],
   "source": [
    "#### Weight and height at heavyweight\n",
    "### Weight differences only recorded at heavyweight. All other fighters weigh in at upper limit.\n",
    "\n",
    "df[\"R_Weight_adv\"]=df[\"R_Weight_lbs\"]-df[\"B_Weight_lbs\"]\n",
    "df_heavyweight=df[df[\"weight_class\"] == \"Heavyweight\"]\n",
    "df_weight= df_heavyweight[[\"R_Weight_lbs\",\"R_Weight_adv\", \"R_Height_adv\", \"Red_wins\",\"R_longest_win_streak\", \"R_current_win_streak\",\"R_longest_win_streak\", \"R_current_win_streak\"]]\n",
    "df_weight.corr()\n",
    "\n",
    "\n"
   ]
  },
  {
   "cell_type": "code",
   "execution_count": 83,
   "metadata": {},
   "outputs": [
    {
     "data": {
      "text/html": [
       "<div>\n",
       "<style scoped>\n",
       "    .dataframe tbody tr th:only-of-type {\n",
       "        vertical-align: middle;\n",
       "    }\n",
       "\n",
       "    .dataframe tbody tr th {\n",
       "        vertical-align: top;\n",
       "    }\n",
       "\n",
       "    .dataframe thead th {\n",
       "        text-align: right;\n",
       "    }\n",
       "</style>\n",
       "<table border=\"1\" class=\"dataframe\">\n",
       "  <thead>\n",
       "    <tr style=\"text-align: right;\">\n",
       "      <th></th>\n",
       "      <th>R_Reach_cms</th>\n",
       "      <th>B_Reach_cms</th>\n",
       "      <th>R_Reach_adv</th>\n",
       "      <th>Red_wins</th>\n",
       "      <th>R_longest_win_streak</th>\n",
       "      <th>R_current_win_streak</th>\n",
       "    </tr>\n",
       "  </thead>\n",
       "  <tbody>\n",
       "    <tr>\n",
       "      <th>R_Reach_cms</th>\n",
       "      <td>1.000000</td>\n",
       "      <td>0.668630</td>\n",
       "      <td>-0.359982</td>\n",
       "      <td>0.012622</td>\n",
       "      <td>0.143428</td>\n",
       "      <td>0.058710</td>\n",
       "    </tr>\n",
       "    <tr>\n",
       "      <th>B_Reach_cms</th>\n",
       "      <td>0.668630</td>\n",
       "      <td>1.000000</td>\n",
       "      <td>0.396651</td>\n",
       "      <td>-0.045491</td>\n",
       "      <td>0.117344</td>\n",
       "      <td>0.018184</td>\n",
       "    </tr>\n",
       "    <tr>\n",
       "      <th>R_Reach_adv</th>\n",
       "      <td>-0.359982</td>\n",
       "      <td>0.396651</td>\n",
       "      <td>1.000000</td>\n",
       "      <td>-0.072587</td>\n",
       "      <td>-0.019035</td>\n",
       "      <td>-0.040571</td>\n",
       "    </tr>\n",
       "    <tr>\n",
       "      <th>Red_wins</th>\n",
       "      <td>0.012622</td>\n",
       "      <td>-0.045491</td>\n",
       "      <td>-0.072587</td>\n",
       "      <td>1.000000</td>\n",
       "      <td>0.028224</td>\n",
       "      <td>0.062771</td>\n",
       "    </tr>\n",
       "    <tr>\n",
       "      <th>R_longest_win_streak</th>\n",
       "      <td>0.143428</td>\n",
       "      <td>0.117344</td>\n",
       "      <td>-0.019035</td>\n",
       "      <td>0.028224</td>\n",
       "      <td>1.000000</td>\n",
       "      <td>0.512995</td>\n",
       "    </tr>\n",
       "    <tr>\n",
       "      <th>R_current_win_streak</th>\n",
       "      <td>0.058710</td>\n",
       "      <td>0.018184</td>\n",
       "      <td>-0.040571</td>\n",
       "      <td>0.062771</td>\n",
       "      <td>0.512995</td>\n",
       "      <td>1.000000</td>\n",
       "    </tr>\n",
       "  </tbody>\n",
       "</table>\n",
       "</div>"
      ],
      "text/plain": [
       "                      R_Reach_cms  B_Reach_cms  R_Reach_adv  Red_wins  \\\n",
       "R_Reach_cms              1.000000     0.668630    -0.359982  0.012622   \n",
       "B_Reach_cms              0.668630     1.000000     0.396651 -0.045491   \n",
       "R_Reach_adv             -0.359982     0.396651     1.000000 -0.072587   \n",
       "Red_wins                 0.012622    -0.045491    -0.072587  1.000000   \n",
       "R_longest_win_streak     0.143428     0.117344    -0.019035  0.028224   \n",
       "R_current_win_streak     0.058710     0.018184    -0.040571  0.062771   \n",
       "\n",
       "                      R_longest_win_streak  R_current_win_streak  \n",
       "R_Reach_cms                       0.143428              0.058710  \n",
       "B_Reach_cms                       0.117344              0.018184  \n",
       "R_Reach_adv                      -0.019035             -0.040571  \n",
       "Red_wins                          0.028224              0.062771  \n",
       "R_longest_win_streak              1.000000              0.512995  \n",
       "R_current_win_streak              0.512995              1.000000  "
      ]
     },
     "execution_count": 83,
     "metadata": {},
     "output_type": "execute_result"
    }
   ],
   "source": [
    "####Reach\n",
    "\n",
    "df[\"R_Reach_adv\"] = df[\"reach_dif\"]\n",
    "df_reach=df[[\"R_Reach_cms\", \"B_Reach_cms\",\"R_Reach_adv\",\"Red_wins\",\"R_longest_win_streak\", \"R_current_win_streak\"]]\n",
    "\n",
    "df_reach.corr()\n"
   ]
  },
  {
   "cell_type": "code",
   "execution_count": 119,
   "metadata": {},
   "outputs": [
    {
     "data": {
      "text/html": [
       "<div>\n",
       "<style scoped>\n",
       "    .dataframe tbody tr th:only-of-type {\n",
       "        vertical-align: middle;\n",
       "    }\n",
       "\n",
       "    .dataframe tbody tr th {\n",
       "        vertical-align: top;\n",
       "    }\n",
       "\n",
       "    .dataframe thead th {\n",
       "        text-align: right;\n",
       "    }\n",
       "</style>\n",
       "<table border=\"1\" class=\"dataframe\">\n",
       "  <thead>\n",
       "    <tr style=\"text-align: right;\">\n",
       "      <th></th>\n",
       "      <th>AI_diff</th>\n",
       "      <th>R_ape_index</th>\n",
       "      <th>Red_wins</th>\n",
       "      <th>R_longest_win_streak</th>\n",
       "      <th>R_current_win_streak</th>\n",
       "    </tr>\n",
       "  </thead>\n",
       "  <tbody>\n",
       "    <tr>\n",
       "      <th>AI_diff</th>\n",
       "      <td>1.000000</td>\n",
       "      <td>0.619088</td>\n",
       "      <td>-0.055090</td>\n",
       "      <td>-0.037057</td>\n",
       "      <td>-0.036473</td>\n",
       "    </tr>\n",
       "    <tr>\n",
       "      <th>R_ape_index</th>\n",
       "      <td>0.619088</td>\n",
       "      <td>1.000000</td>\n",
       "      <td>-0.036608</td>\n",
       "      <td>-0.108291</td>\n",
       "      <td>-0.079143</td>\n",
       "    </tr>\n",
       "    <tr>\n",
       "      <th>Red_wins</th>\n",
       "      <td>-0.055090</td>\n",
       "      <td>-0.036608</td>\n",
       "      <td>1.000000</td>\n",
       "      <td>0.028224</td>\n",
       "      <td>0.062771</td>\n",
       "    </tr>\n",
       "    <tr>\n",
       "      <th>R_longest_win_streak</th>\n",
       "      <td>-0.037057</td>\n",
       "      <td>-0.108291</td>\n",
       "      <td>0.028224</td>\n",
       "      <td>1.000000</td>\n",
       "      <td>0.512995</td>\n",
       "    </tr>\n",
       "    <tr>\n",
       "      <th>R_current_win_streak</th>\n",
       "      <td>-0.036473</td>\n",
       "      <td>-0.079143</td>\n",
       "      <td>0.062771</td>\n",
       "      <td>0.512995</td>\n",
       "      <td>1.000000</td>\n",
       "    </tr>\n",
       "  </tbody>\n",
       "</table>\n",
       "</div>"
      ],
      "text/plain": [
       "                       AI_diff  R_ape_index  Red_wins  R_longest_win_streak  \\\n",
       "AI_diff               1.000000     0.619088 -0.055090             -0.037057   \n",
       "R_ape_index           0.619088     1.000000 -0.036608             -0.108291   \n",
       "Red_wins             -0.055090    -0.036608  1.000000              0.028224   \n",
       "R_longest_win_streak -0.037057    -0.108291  0.028224              1.000000   \n",
       "R_current_win_streak -0.036473    -0.079143  0.062771              0.512995   \n",
       "\n",
       "                      R_current_win_streak  \n",
       "AI_diff                          -0.036473  \n",
       "R_ape_index                      -0.079143  \n",
       "Red_wins                          0.062771  \n",
       "R_longest_win_streak              0.512995  \n",
       "R_current_win_streak              1.000000  "
      ]
     },
     "execution_count": 119,
     "metadata": {},
     "output_type": "execute_result"
    }
   ],
   "source": [
    "### Is the Ape Index a significant factor? (having long arms vs height) ###\n",
    "\n",
    "#####Creating columns that generate fighter's ape indices (ratio of height to reach).\n",
    "#### \"AI diff\" represents the difference between the two fighters.\n",
    "\n",
    "df[\"R_ape_index\"]=df[\"R_Height_cms\"]/df[\"R_Reach_cms\"]\n",
    "df[\"B_ape_index\"]=df[\"B_Height_cms\"]/df[\"B_Reach_cms\"]\n",
    "df[\"AI_diff\"]=df[\"R_ape_index\"]/df[\"B_ape_index\"]\n",
    "\n",
    "###Creating smaller data frame\n",
    "df_ape=df[[\"AI_diff\",\"R_ape_index\",\"Red_wins\",\"R_longest_win_streak\", \"R_current_win_streak\"]]\n",
    "\n",
    "df_ape.corr()"
   ]
  },
  {
   "cell_type": "code",
   "execution_count": 118,
   "metadata": {},
   "outputs": [
    {
     "data": {
      "text/html": [
       "<div>\n",
       "<style scoped>\n",
       "    .dataframe tbody tr th:only-of-type {\n",
       "        vertical-align: middle;\n",
       "    }\n",
       "\n",
       "    .dataframe tbody tr th {\n",
       "        vertical-align: top;\n",
       "    }\n",
       "\n",
       "    .dataframe thead th {\n",
       "        text-align: right;\n",
       "    }\n",
       "</style>\n",
       "<table border=\"1\" class=\"dataframe\">\n",
       "  <thead>\n",
       "    <tr style=\"text-align: right;\">\n",
       "      <th></th>\n",
       "      <th>red_rank_advantage</th>\n",
       "      <th>R_odds</th>\n",
       "      <th>Red_wins</th>\n",
       "    </tr>\n",
       "  </thead>\n",
       "  <tbody>\n",
       "    <tr>\n",
       "      <th>red_rank_advantage</th>\n",
       "      <td>1.000000</td>\n",
       "      <td>0.258064</td>\n",
       "      <td>-0.083860</td>\n",
       "    </tr>\n",
       "    <tr>\n",
       "      <th>R_odds</th>\n",
       "      <td>0.258064</td>\n",
       "      <td>1.000000</td>\n",
       "      <td>-0.332043</td>\n",
       "    </tr>\n",
       "    <tr>\n",
       "      <th>Red_wins</th>\n",
       "      <td>-0.083860</td>\n",
       "      <td>-0.332043</td>\n",
       "      <td>1.000000</td>\n",
       "    </tr>\n",
       "  </tbody>\n",
       "</table>\n",
       "</div>"
      ],
      "text/plain": [
       "                    red_rank_advantage    R_odds  Red_wins\n",
       "red_rank_advantage            1.000000  0.258064 -0.083860\n",
       "R_odds                        0.258064  1.000000 -0.332043\n",
       "Red_wins                     -0.083860 -0.332043  1.000000"
      ]
     },
     "execution_count": 118,
     "metadata": {},
     "output_type": "execute_result"
    }
   ],
   "source": [
    "###How do rankings affect odds and fight outcomes?\n",
    "#### Note that lower rank is good.  Therefore negative correlations with positive results should be expected.\n",
    "\n",
    "df[\"red_rank_advantage\"]=df[\"R_match_weightclass_rank\"]-df[\"B_match_weightclass_rank\"]\n",
    "df_rank_favourite=df[[\"red_rank_advantage\",\"R_odds\", \"Red_wins\"]]\n",
    "df_rank_favourite.corr()"
   ]
  },
  {
   "cell_type": "code",
   "execution_count": null,
   "metadata": {},
   "outputs": [],
   "source": [
    "<b> Conclusion </b>\n",
    "\n",
    "It seems that "
   ]
  }
 ],
 "metadata": {
  "kernelspec": {
   "display_name": "Python 3",
   "language": "python",
   "name": "python3"
  },
  "language_info": {
   "codemirror_mode": {
    "name": "ipython",
    "version": 3
   },
   "file_extension": ".py",
   "mimetype": "text/x-python",
   "name": "python",
   "nbconvert_exporter": "python",
   "pygments_lexer": "ipython3",
   "version": "3.7.6"
  }
 },
 "nbformat": 4,
 "nbformat_minor": 4
}
